1 2 14188 21282
5 6 2199 3298
5 7 1456 2184
8 9 3701 5552
8 10 624 936
11 12 617 926
12 13 1258 1887
14 15 2385 3578
13 14 895 1342
14 16 77 116
17 18 2727 4091
17 19 1963 2945
6 20 1426 2139
20 21 329 494
7 20 2235 3353
22 23 1637 2456
22 24 2490 3735
21 25 7487 11231
4 26 960 1440
26 27 1673 2510
28 29 5273 7909
30 31 5171 7757
29 32 1014 1521
30 32 1145 1718
28 33 937 1406
32 33 5215 7823
34 35 1846 2769
37 38 6788 10182
37 39 12889 19334
40 41 3403 5105
40 42 7293 10940
36 43 10681 16022
40 44 2589 3884
44 45 4085 6128
46 47 3494 5241
37 48 11273 16910
49 50 4576 6864
49 51 4197 6296
45 52 4204 6306
49 52 11557 17336
46 53 6170 9255
48 53 437 656
54 55 4091 6137
54 56 161 242
56 57 646 969
58 59 10590 15885
60 61 2948 4422
62 63 2338 3507
62 64 14603 21905
54 65 13648 20472
60 65 4670 7005
66 67 3570 5355
66 68 3020 4530
68 69 14700 22050
70 71 8134 12201
72 73 4164 6246
74 75 783 1175
76 77 5518 8277
76 78 659 989
79 80 303 455
81 82 2788 4182
66 83 10927 16391
83 84 2311 3467
72 83 6357 9536
81 85 1445 2168
86 87 2768 4152
85 88 512 768
81 87 2250 3375
85 87 2084 3126
86 89 840 1260
34 90 5748 8622
71 91 9366 14049
74 92 3708 5562
60 93 5956 8934
64 94 1318 1977
95 96 2547 3821
97 98 205 308
74 99 2120 3180
72 100 1875 2812
101 102 1826 2739
84 101 17693 26540
67 103 6088 9132
84 104 11397 17096
67 104 3903 5855
104 105 6055 9083
102 106 4704 7056
102 107 17583 26375
46 108 24499 36749
108 109 11284 16926
53 110 5100 7650
70 111 6566 9849
70 112 2034 3051
107 108 3200 4800
107 113 2939 4409
36 114 246 369
43 47 3518 5277
47 115 7004 10506
3 114 4650 6975
116 117 1023 1535
69 118 1554 2331
116 119 4377 6566
119 120 6997 10496
77 121 2163 3245
88 122 5219 7829
92 122 976 1464
2 122 1099 1649
93 98 1030 1545
98 123 4675 7013
82 124 22324 33486
82 125 1900 2850
56 124 1036 1554
57 124 952 1428
67 126 1892 2838
62 127 8386 12579
44 59 15170 22755
52 94 3844 5766
59 94 10637 15956
41 128 2934 4401
42 90 250 375
41 42 8456 12684
129 130 2519 3779
45 50 8718 13077
50 131 8737 13106
131 132 3477 5216
